795736480	250943419	54909172	631170244	976520453	988883420	389648288	263944654	521308730	832820417
401902110	304696363	490270885	372263175	145025389	185377227	443691742	560469456	649973777	180492596
98619651	568270028	77593460	415235222	315741335	841015510	895568341	303521020	609234841	762182799
484614290	189677957	12799083	20874699	79238818	743752906	927739934	867129058	341422381	476164865
900063520	112850267	68647573	446881749	709452018	847142348	204319280	403440265	714770624	339583847
326749016	137303942	413419691	245604894	852414097	686058840	616711218	420301124	389896449	307111978
988400162	776791448	211968463	441005344	888255163	103645446	919019018	708937958	61155100	144223922
504476912	6146489	471502872	798870451	234778375	697978673	691693217	512876400	131860959	973307969
990893778	268761942	12753891	289338982	574302355	180235926	440996986	989267196	851984566	486507090
241245193	249715985	14969416	508579203	513182236	564983978	862784791	58052232	169286158	814752668
20722727	698276996	700887951	298082686	816565496	804320997	251509297	44723093	826272236	949595838
872098611	765945949	761297607	490253378	590037579	404938042	661008431	59011630	621310948	988042849
851063464	798198729	822445999	711059364	11634300	599603676	749278309	951661205	667175322	354343159
725834749	293055878	726006401	679640907	648630160	911185787	376717067	925094520	555992610	884167724
984611656	184462026	132153321	161142055	127375909	574818455	299610213	431903186	675524968	40962332
290479754	894964862	367683058	803079725	485066158	875700730	867294318	296463874	49959662	329107090
611570408	246475660	131935745	659995648	850463048	497780060	895669896	364259575	472999548	9051858
58343651	889675270	366425060	198578361	942078820	520274545	139672973	355303739	362599895	980668277
52895716	876036948	617611343	980299665	921694398	8027226	254205475	957890393	408747658	604408355
498674388	274710352	847014252	703980956	230823603	491876419	344600187	341894796	16018699	332381657
563878049	260612172	367951762	598668294	741808427	849190805	378267682	604201112	415314358	37077284
435510102	608410270	951985229	58215747	837244461	133625045	870256391	556009240	132330170	600534900
166879050	856479296	656270142	574950906	102457876	798865154	312405235	13009389	529571671	417581756
331038561	69904984	82900472	575350320	942383036	552411868	690525995	215467744	145347142	943738297
288557213	544677820	269640054	71471026	181490070	520536617	226553759	874108964	543483980	584641146
914806053	729552470	280016293	305425897	263312572	976961746	94000023	393577377	4217946	161796760
721729326	493434695	653694582	568119144	862873862	937722291	533015399	914524044	639711178	261492878
171399052	863500935	3165435	932983001	586584854	616731779	986835849	723933479	261925632	917721912
55832433	122426930	615269532	823903049	248866088	31853542	951039639	742564282	507962235	467570302
150380385	324144465	750587594	182657710	150591244	781700711	707416836	515264248	614134661	270900458
28729203	789565143	904965674	95847145	687459694	247598424	348500888	536129109	803885809	575010492
287643120	567029875	535781697	585042682	225493931	354398401	427239494	751385338	775630685	525296367
581314800	344672278	598001810	651722621	750919925	799162453	784787374	816304832	70782277	978441894
214307581	310953987	839431730	275312220	149648513	166227507	271246190	796238064	315171476	647140336
678432893	334536100	792681937	534014859	465873322	949661971	19243310	324073663	14366042	251276241
138021764	349717145	201289778	960043605	954979986	743671451	60763782	458657232	167730424	482055753
742160569	639150620	919692127	669358470	373130004	808648492	760122639	957087017	444557396	173493811
9790248	597588812	227996305	450284066	574034776	64981937	49918051	45861921	307890627	955563216
956797143	657441833	895409074	880393749	318979053	955308544	756886706	692242148	362762165	969120502
466053451	196582034	352551304	95133674	50176127	593564936	487932076	114635118	247861812	161223720
107440184	256804711	379652936	873505063	247651616	284750788	679883657	223627988	386589305	356638237
784835499	525917643	651501551	490611147	800393352	818720669	642761510	881526874	119295681	122797974
574859910	821732922	377694487	649521720	92505474	484532530	866438131	771725613	521091188	351095345
18157870	969226572	80754814	731551292	945073597	644833200	811582077	422652292	590966613	673013048
263011370	19629905	572164434	288027345	4392776	684225890	652695766	402028888	270812881	145886665
500568886	798761024	668152224	564164403	206089681	751933679	718556480	516513784	636800342	563409189
158148072	156540425	600954618	796261895	188324407	407249865	548392516	73553867	858041209	198632935
198914895	985689018	359798920	681667076	905795300	308843091	59855085	967306903	521776616	221940118
964303090	317493620	556397409	773607230	657381093	106980326	990019848	621480722	35187546	47493220
225879692	518038870	145056358	232115268	808169181	299291414	478258544	684818807	180129857	826558095
636655788	891338792	308312884	429623824	920255931	552439205	222982392	340018688	275882667	317075764
505625721	587894930	653999683	534827704	405068311	749289003	690678779	843883308	119939465	416369523
289584940	926003651	17314242	698520834	66614993	832099859	665633736	585372803	165023948	55131090
103716407	777290469	876241978	746583875	490772817	904079615	774537251	126784513	936835131	707251829
954261930	32431551	649274309	804047848	872025248	927331833	906342286	323064910	380165265	863125497
394556647	220577006	202238987	516762716	585454511	407725684	400610595	428811972	577895306	333670485
216746772	531168324	275623161	247473549	326324503	454799826	304184455	780881748	540424698	674682795
74186468	169140721	956499747	351550238	477021675	878256441	682060597	195322452	617300688	913415786
163484622	539130978	626380815	525600300	189975186	155909123	945906848	132119369	847921975	787420332
976186491	122486912	801441592	922361591	951803521	459759670	742444575	335775594	116198379	973417471
477109678	452110597	596572579	455152804	224143287	867093136	912891329	747567597	656485968	960350256
305222110	781786360	669389663	95099394	8211897	108499780	976575722	445002287	402983408	519720904
23040962	560281452	624997268	829989016	653572734	346184343	569223423	804200447	585624942	32133987
35886934	401458029	859597898	77162098	566778730	343097633	681433322	511003389	530864027	558204154
340071323	4401391	895597705	308125811	474248826	587822443	837341424	836283135	294082641	471271961
464059697	697926228	205793842	436972224	717429683	886356584	836818420	984002321	602953114	844325235
962324739	950476494	230129463	392924559	986992008	335604985	78122595	191302967	344508908	152704149
754678746	970999096	996236500	88766044	913079636	502971532	241803959	52587394	167088590	440587156
21823413	286521996	711809098	821400552	354859058	546470859	621209042	967101480	652804471	881574147
388589101	951107575	525595801	936850343	888362951	519951371	29056138	434137665	790986707	197209114
133752506	198207257	514656617	531660771	482278932	771311131	946221725	475348505	774788860	901152636
17559034	7276795	191320019	825099348	19635997	675750690	616836331	80748870	72913387	435819121
879300180	880477002	296066722	779649063	651891884	478444880	99481797	568148983	507225516	827830728
605992196	20629244	870390001	822890166	98941710	269512088	342110186	435735255	830717256	640590081
527183055	311249405	926959464	429391285	78655774	959494902	417944123	138553749	309860602	412899394
425542343	477833631	963928232	236000124	563115952	566659874	980949913	23943879	654598878	12250798
870136614	154192674	86091083	147958619	462293838	42737557	789632158	855977978	100425539	258380060
650216026	586813084	722603108	662132314	79610148	653367176	1049422	371705523	663424546	750607868
436170330	355474075	986909393	389058787	465396261	845455338	194357870	188959316	297014169	474287199
656808662	528487747	518927497	817287141	515547473	845743361	30506451	472423233	590531273	697121771
467292179	286227349	953111242	708294330	775463123	946551900	77698417	269917434	62606731	175592263
309243738	979641868	289633060	389420094	23586743	511955811	380214496	665168259	793049457	361340982
449301085	86407503	262320264	529718845	189211496	258604136	459630594	47457341	82270478	884231074
847590961	626953201	125674390	934393702	83705613	989524791	705090130	994789761	822263724	173250813
744253976	501976040	353413121	570070665	875849543	922619076	170120258	588291694	148764614	1613352
745733168	822285454	831824477	869584130	12693467	124126537	720183060	610086115	381235205	702433015
720719575	145743920	751188431	185696125	269989188	694865329	892000502	54474422	882330725	386700604
351153882	754384335	32159771	672732559	908114062	641661993	306251230	628526152	346106739	519214231
42790424	630121311	629338464	400807986	783816852	630297278	525472960	286850210	273522001	548596316
717410913	308303437	174906880	675192423	671471986	273791112	899517977	319913461	802692468	334645589
234396406	322913221	428430469	433089804	867226887	599084706	264596472	689327093	485194136	492083620
279310496	926846126	111139076	41040107	149079304	937448893	614355599	142144061	23168041	660438192
249243130	393482407	790165863	955689356	705880878	906854126	926053060	524720110	32219879	94840735
854849597	450704636	439826833	312660520	970838089	783787419	84767921	946027640	715487278	385047342
526377779	690913896	848555507	931495809	310848963	778524836	569969797	501378780	668457018	271174402
691391433	930975788	870238373	678555834	872914392	419225625	725882479	48261934	898749060	625466289
76252952	865217633	845829861	840762897	671571912	311589180	914187543	575806879	448778276	128448477
311034350	484959743	666638977	180439367	98725096	214842948	712979449	986728035	710814482	91498914
384964988	738238022	796614911	248298077	856825639	689507914	847932515	828453848	558373136	185035806
159902194	433216752	687107842	502908204	283946651	306174855	65360673	787300945	352409013	941385670
265940700	915415360	262814333	540915912	765539459	40451359	716809296	751749547	576267913	830492832
5601416	206735517	338404575	623900122	178074594	999743530	694025223	338684578	887933599	109835010
456615842	290421963	263351761	87420438	435516828	173480876	525432621	819399931	854471454	678020701
62643707	566725099	458979471	827758194	814681778	773635083	686697477	708325340	815625289	552140807
103763319	224701655	638638031	796645278	546151242	145056073	330767020	207011362	344975439	373537213
696592058	428224110	764148524	971852846	294213755	651514070	945937093	252874195	586635042	489052309
229369655	489007151	836716628	48724468	95161293	468298322	778297943	672913468	172908004	237627205
47242867	52991682	600959509	135758299	139043483	897689326	101655031	431846074	617019651	147080415
644894629	448900627	620845752	359067790	249357109	65310604	573681758	728376030	51886192	845882064
136109683	720564311	79443798	336726373	282774020	115111082	963761118	478247738	407929823	693079060
336611466	79879429	977760014	246651033	297104428	443948511	583380665	268300079	599126989	711143269
782652691	720845211	475023806	177176920	177709932	452777358	530517800	336845871	763091080	954923642
272584034	55590456	742098756	972033746	840969343	291608702	866827275	693542625	601862276	654154890
57719480	475939592	929362255	20751251	348761252	437746321	846526597	893955718	106792064	634876217
112369347	232872963	761474645	1820092	763392804	181913246	587116163	120621082	756731229	546078681
385526929	357450153	252736903	553487438	536624491	798376623	199008293	957640827	59418485	574986484
726325943	135543095	261935988	280453555	783453061	721360181	848688305	198515265	142427582	798517247
578076693	382352274	988446179	620824114	206968926	732730637	495735132	243621645	877580737	714578250
721117426	318927407	530981374	682232254	782973343	6504382	917225486	28130063	243035724	605420452
446168252	676629399	753836484	736193912	347958359	686335379	565222589	278317075	815827660	321125424
783410999	104835167	795332903	140247076	808923640	135843011	297190090	971766038	8121587	43472995
576019665	798736728	988279362	143445910	190993334	520399976	106619388	686994759	427204528	770889243
887246197	784149395	494272799	781067325	612352319	870118438	296530345	836371950	747410405	708279345
638152986	424049762	774407811	775518303	432847644	533759632	902562893	343989716	912322535	660818276
56713099	29125452	844495626	313512112	828487034	93976757	139528974	165447865	186215968	639143319
606905863	72645494	240145314	480217123	927403044	268810442	771189753	887562671	364070235	124833616
361659963	473049030	363997731	675528642	805005481	153811691	878544525	78773642	182881580	859557495
645268286	480754581	335458221	785806703	759304709	76705664	353559094	491844190	242826836	837949213
119164409	39043180	943392622	692217094	83006811	43981231	41383796	822522225	330022980	459342671
303173212	826770467	195479335	825123256	358527151	407348000	932848918	216697407	616722235	708949339
98525373	339824794	393462914	824786582	811883816	920895574	443272561	222818777	641981864	935978871
174200272	298098651	292804505	141517886	977239229	848446834	450057395	383431510	750747628	312199077
545479300	771854956	887988203	59212430	355622110	690143524	243915085	677483632	25252750	605227477
20589411	628721336	28031593	206451834	955742683	183376084	523732485	401664724	978236886	286865289
326449115	944836593	984821174	67405909	947037613	333433021	670071181	708507037	273853112	631671632
767280964	778020012	148978723	942352531	124196292	133031816	336485194	244597530	272516610	458126352
127449901	170752584	798377640	824519769	236709196	941901659	300037033	515558015	890791988	417826999
541800699	514089695	901156609	257955062	327913649	210924807	637526669	873525570	14563729	157534498
989392713	631978171	135201828	22229567	962639191	162804260	350261316	929295930	276333837	84893196
110671020	359239861	362666235	850942655	643829455	964408168	560871653	997820886	436031862	672430593
981244037	237406800	511625756	992758161	393244987	370898802	356980416	324036063	552147881	478911226
52030502	164776427	295327592	592404220	378473908	275074057	782742220	910941112	523675220	48036440
246919287	509846230	316916140	605411719	145557537	600968967	359303181	171244732	868998052	384259696
627528822	423756569	237138235	323165438	728108190	36115719	74007751	42422600	220611889	695123466
563401239	424320083	85545419	357148	316609988	280256635	425537013	627705794	994627873	854849638
359104027	257135052	844418135	276813167	830259012	961942110	537215457	373414177	867537872	953373872
530490870	694884167	149337072	375946104	528727942	261079848	324679415	964462870	221562031	185660947
191127791	130468623	763487533	232770402	393263429	637728412	124109357	91006214	201322272	729986451
765305224	150635798	503830619	233671579	782366601	396901685	951931181	57954495	179672911	985894952
786465680	53222316	927068960	119326347	592254166	34070103	635354635	578516251	228126045	4479069
741295960	65395067	692816700	377009282	532423641	7663015	979531519	956436814	50222934	89552756
567351965	500711686	701208060	509926561	430061226	588334558	117852290	88602111	412709243	89208779
131291353	972139667	756358534	303716535	584519374	107312286	72123742	21117680	380546307	899054273
462926119	672568688	931412105	575268144	769339458	921322668	284116351	905883134	927699282	748986187
460647287	903246883	623533491	943413623	360479130	236263067	117040337	101098520	822307813	936156113
120624779	558659904	496872257	25834478	386503654	461619479	66082186	649141540	637406906	8037778
547442669	316598724	469405581	361709925	946480584	573132271	629095020	563366627	800531588	730780801
20354664	385596659	49355264	429083155	14116953	483156810	491379030	6348880	957041419	175059510
450557391	921302590	888796771	510004138	860066652	38050539	278178564	599053368	71253690	563651158
707879124	105304450	700650395	289448085	191321381	303936218	215003000	935679600	130813614	45595030
512032389	136294154	402125232	973312109	753998852	105330545	213540729	518802799	142504551	497822222
780488247	853311281	936367973	162990997	595923724	23951884	393376817	489585624	708225970	158472966
435587293	66040828	908128533	47702829	69769345	120029180	177485104	170185562	579124651	801601585
189216377	423095914	662840034	894987256	739653441	50576249	842815167	269199907	880488800	683181136
847016997	471527059	750832447	920025476	236083571	209601199	67788311	117103063	618079906	634716990
21127424	227204428	274589548	935099809	571794739	71177499	232996737	155881719	848256683	975367999
876778552	52536713	893952885	591928980	423754539	853233179	751584495	442247921	822951766	395990829
544455150	79916186	559244553	349265465	345619569	637246984	371145204	135357075	786624536	511999425
156235274	455017169	721542136	995346420	179901155	879421917	720584818	703763123	495813951	901905688
667864562	969137143	99804326	10616605	673230449	999177536	456450892	422465278	808581508	793132883
172675575	474300557	909663107	519053265	718530941	487204110	946585079	90612546	136465505	616443863
436260705	331176725	568500229	145162167	679076710	419050393	611759849	175000150	605019007	467727402
821705046	20493233	903575332	918715214	788786852	706619947	25873648	347855725	741743143	377432235
249342478	144628806	73931528	462180521	336828708	351850487	297721817	162966158	972446929	321292180
359345856	126367351	459293899	951272725	958940129	203991438	691812214	291437005	661384840	497888808
746714128	694950467	848360556	582274345	325304522	926382808	67821676	765647314	820959654	275272758
826643273	19553265	535834566	113007116	92505826	771017987	696026396	326125175	673599435	923638401
509478515	339199761	747919673	100259668	666471051	729997387	795571989	884889955	537647186	851037493
691215139	534200865	289405773	286534253	747139136	748881026	493022025	246276997	700254882	780408985
540908155	778316624	508888603	748323069	535360542	552852562	868254534	596139206	33979083	221634458
102708078	372155408	961766975	511690754	144542329	14213332	202170730	117012934	581015550	122952118
63328908	603156595	189997969	719599185	768186551	388310898	190430038	609508002	952613438	674991831
953111527	668068655	75251149	202290411	71415192	672229377	507641083	197783242	380946402	312935990
860889817	348266323	88551497	190359857	684005035	151077518	31108030	191811747	530104671	475215198
430779910	365034643	638903434	442585132	153243315	235101711	699482919	50718111	176616975	336902961
447243145	775577865	958451010	793410327	460760145	280499377	338993041	842496905	524390918	404314218
267659784	658442941	761259725	541569080	361657360	76909441	990169095	996743979	324387816	269531153
382215012	604150577	401540936	800889108	837867819	817600498	509506852	11584175	293258705	211490346
612834700	570275525	893834407	208979802	688693819	709471151	251530886	161877305	807379851	255357278
521305819	824762105	678527498	254214949	62922500	371783700	978964483	385156534	774529350	576743557
651851506	78496024	791331748	896841984	251650896	595128796	751521310	293592679	396908929	77702323
816755672	813037676	919252605	487830166	228592999	786812830	771866759	164323085	290740579	387121848
920135206	974244657	320478967	77500294	113840632	764383413	165160494	677121971	403041859	101450359
786723008	269421735	229459162	660090328	404079729	179579361	782440152	637406604	50994677	90984299
280659495	576735899	874837865	969578686	658599873	606343621	337781460	726180369	322055808	706261722
442144691	889243527	12675985	530616713	510255298	389304124	325425010	310413015	638123862	334092474
64819260	614394036	102769819	713011881	331718311	312589547	746537107	72438881	883997243	321841576
714797652	962896742	404779926	159639604	504016372	914849835	827100433	927584671	32426378	544638083
495344944	237161684	757902957	551697781	493295295	521003763	470885396	174152604	241174321	989580488
889722266	688780883	80870167	102646403	833887220	160419538	3477677	661336830	629207675	298793408
841448905	91955015	202859365	309859756	593854840	462990312	987868629	344353975	270345197	480580956
764506960	726145833	728336386	663083734	555307819	288045461	947040117	619722514	662529380	723210933
96507396	153769031	719251558	888375593	681808927	973502596	269131428	85900421	628214741	910133079
804492596	798842144	925107439	899973202	943327703	816423538	769514191	797159836	625561987	622636713
252418612	606279638	769682991	730603252	226146270	787440771	197233658	681287872	960064570	581260143
888019407	828078935	872248810	396717665	702592163	8946175	988832040	742486910	589118508	766227654
36971164	907481286	758532128	30585634	971314817	439630504	367630035	56556168	435290452	441338559
817873525	779075173	249571015	468096815	454460996	45123058	265323833	584113331	135821648	206991352
158453167	171462672	290079641	274924055	874728671	910874929	104961887	781000984	414159046	30816536
408943645	204450360	312992612	185034156	312286559	875794708	802397330	847913545	310619923	974008098
520536751	348150299	305830129	978617477	19092646	817570882	907624649	574228451	810670124	179950277
881441943	83123353	938258841	595800694	98347070	857354471	244717893	792110074	136131671	71540802
607359701	952959762	388419991	101197329	44792410	583771217	462882536	53200720	611618111	616358151
298351137	240643953	646042048	329846067	452418463	710727742	654015499	414253267	143473345	412637491
625338384	110172843	22921637	324165947	125199541	281227740	973007844	2678655	36574144	387397055
870923777	189608358	219654475	32067018	608354361	299926048	572247346	681384170	241521950	405371747
424460857	251259597	370929131	856843710	84693431	434463438	59458828	241706170	634624502	119415585
930838617	990822931	706802245	538980090	652086598	348060087	688452031	711407885	236439542	108405275
329243502	849655241	936189874	853503816	925116215	487408240	323246468	65245004	930525643	906669779
544324583	625935393	26837562	940520205	173517747	968739361	578951009	381758730	787540115	412100393
9935062	78925191	600979589	523233252	765083340	673581917	757101008	432508238	459066463	945237920
569379243	73535828	285962401	368518526	823008681	310391745	124644040	469129148	174014991	32696768
359469700	599076778	269156047	299253521	417655820	84819202	819151053	727613744	697389328	795325324
307096800	396968671	577733139	377495415	561495782	984912288	592168707	385833091	244385094	579377117
926260103	38777100	505619002	26513540	975669585	520236461	51157074	292369684	397374303	373170047
56104976	377541956	901184644	612204708	698750305	482224058	757080568	584783766	821831035	534711465
495776706	294355213	642745848	629424531	485131875	147873620	715435083	476466134	640878867	379809399
993986427	791664310	384696500	64371380	18956123	56200904	126190886	254288773	48158153	811615948
317568810	862668682	16697945	147558802	195858668	134632101	415772728	224132591	382719137	716747956
414770054	245375859	406514234	50204372	636682796	634756138	217176367	87126520	715235056	84679544
383879195	979960706	663601311	694667693	547032970	137421114	51392225	346408142	829885478	316606471
766493224	171279046	579806401	538687094	201808263	562915718	4421850	994833206	181548485	368446731
438873362	744560387	570063616	557214896	907866031	889115502	95199669	951317963	781676634	481274376
421068100	422442520	580321832	77302233	194407547	622222081	608138956	70857453	875425803	727476830
691202332	667265871	679047309	130191356	932814001	210688105	407439113	521003584	29951985	180894976
799621000	970252246	678063141	500234829	64989991	181274875	316379544	182517032	371978135	984856018
880987522	280444314	327696508	505648012	299281180	698960739	677813031	520427703	552044895	495791579
391882471	259493531	961218943	686055221	20191704	447839586	875340439	839482244	935197175	147307476
62775973	274807950	651934805	700883349	25724736	204859348	701115689	543998410	15027855	797488450
541953244	935091563	983285040	3633106	648338217	228754603	885832901	325159481	569412685	405507966
74068894	515979357	582997609	522656874	60902500	130518629	96655186	201314435	24796811	257291803
580050909	358224811	293889756	726786701	286965605	990357427	900942270	791312783	253923281	896216837
585619643	502640664	147374593	12837787	519135727	899035053	192106682	254647139	462336156	430837602
561733481	414697408	801680715	33520105	221860410	475771221	377005277	119919079	713966758	884478242
116862824	44067562	399147469	573693340	531464546	916344855	326808080	745482291	997674855	71116263
869354081	968736924	868842969	247347174	526644503	592393157	781762892	403715093	880087374	596265665
495005847	236753302	549194943	531528302	805559195	516416009	53128514	540866874	915000438	503565762
939246020	979154430	187845797	733214077	706070106	50204320	717457659	75596696	503839144	991783114
70402872	644989956	709092170	440439026	479505192	701261956	754494076	24236456	469064916	730684122
391979783	919981503	864669849	427141142	961008217	472210072	194897786	610638505	329337854	966442042